1,61 1
1,75 1
1,222 1
1,881 1
2,125 1
2,267 1
2,362 1
2,471 1
3,71 1
3,98 1
3,170 1
3,412 1
3,649 1
4,115 1
4,316 1
4,371 1
5,79 1
5,107 1
5,137 1
5,197 1
5,340 1
5,342 1
5,436 1
5,471 1
5,478 1
5,490 1
5,535 1
6,67 1
6,71 1
6,92 1
7,131 1
7,343 1
7,425 1
7,451 1
7,617 1
8,346 1
8,425 1
8,434 1
8,464 1
8,959 1
8,974 1
9,146 1
9,387 1
9,812 1
10,55 1
10,89 1
10,161 1
10,686 1
10,928 1
10,948 1
11,395 1
11,733 1
12,23 1
12,206 1
12,276 1
12,385 1
12,430 1
12,481 1
12,563 1
13,205 1
13,488 1
13,895 1
14,198 1
14,256 1
14,445 1
14,476 1
15,19 1
15,20 1
15,29 1
15,160 1
15,356 1
15,688 1
16,253 1
16,277 1
16,360 1
16,465 1
16,511 1
16,829 1
17,92 1
17,200 1
17,353 1
17,401 1
18,121 1
18,216 1
18,401 1
18,483 1
18,950 1
19,23 1
19,53 1
19,121 1
19,132 1
19,194 1
19,416 1
19,491 1
19,809 1
20,92 1
20,217 1
20,304 1
20,440 1
20,457 1
20,687 1
21,268 1
21,488 1
22,51 1
22,283 1
22,462 1
22,923 1
23,261 1
23,313 1
23,349 1
23,370 1
24,66 1
24,126 1
24,218 1
24,560 1
24,916 1
25,163 1
25,224 1
25,430 1
25,473 1
26,162 1
26,482 1
26,588 1
27,53 1
27,299 1
27,543 1
28,461 1
29,42 1
29,227 1
29,346 1
29,461 1
29,951 1
30,131 1
30,283 1
30,428 1
31,264 1
31,449 1
31,551 1
31,688 1
32,354 1
32,439 1
32,543 1
32,975 1
33,72 1
33,238 1
33,359 1
33,394 1
33,458 1
33,954 1
34,174 1
34,339 1
34,363 1
34,460 1
34,704 1
35,74 1
35,84 1
35,224 1
35,373 1
35,496 1
35,795 1
36,103 1
36,186 1
36,187 1
36,255 1
36,266 1
36,623 1
36,706 1
36,992 1
37,148 1
37,185 1
37,206 1
37,275 1
37,407 1
37,497 1
37,593 1
37,764 1
37,815 1
38,599 1
39,122 1
39,197 1
39,488 1
40,104 1
40,191 1
40,210 1
40,264 1
40,367 1
40,469 1
40,687 1
41,47 1
41,256 1
41,481 1
41,621 1
42,59 1
42,313 1
42,891 1
43,412 1
44,191 1
44,329 1
44,337 1
44,392 1
44,393 1
45,51 1
45,266 1
45,273 1
45,291 1
45,299 1
45,336 1
45,365 1
45,992 1
46,126 1
47,95 1
47,191 1
47,425 1
48,54 1
48,131 1
48,385 1
48,519 1
48,535 1
48,756 1
49,86 1
49,91 1
49,814 1
50,113 1
50,153 1
50,229 1
50,302 1
50,309 1
50,319 1
50,335 1
50,359 1
50,423 1
50,481 1
50,731 1
51,271 1
51,317 1
51,435 1
51,536 1
51,634 1
51,668 1
52,102 1
52,273 1
52,407 1
52,428 1
52,488 1
52,498 1
52,944 1
53,432 1
53,448 1
53,471 1
54,281 1
54,471 1
55,122 1
55,200 1
55,216 1
55,576 1
56,71 1
56,120 1
56,140 1
56,297 1
56,333 1
56,909 1
57,437 1
57,469 1
57,530 1
57,676 1
58,653 1
59,110 1
59,139 1
59,179 1
59,315 1
59,454 1
59,922 1
60,125 1
60,228 1
60,369 1
60,474 1
60,482 1
60,483 1
61,387 1
61,539 1
61,836 1
62,216 1
62,367 1
62,551 1
62,884 1
62,921 1
63,205 1
63,974 1
64,67 1
64,75 1
64,185 1
64,186 1
64,213 1
64,321 1
64,339 1
64,461 1
65,993 1
66,179 1
66,213 1
66,225 1
66,369 1
66,641 1
66,703 1
67,178 1
67,223 1
67,278 1
67,292 1
67,390 1
68,105 1
68,290 1
68,553 1
68,862 1
69,147 1
69,467 1
69,893 1
69,991 1
70,137 1
70,372 1
70,804 1
71,178 1
71,228 1
71,273 1
71,278 1
71,333 1
71,672 1
71,779 1
72,218 1
73,119 1
73,408 1
73,487 1
73,848 1
74,479 1
75,379 1
75,400 1
75,876 1
76,143 1
76,200 1
76,205 1
76,398 1
76,443 1
76,719 1
77,206 1
77,217 1
77,455 1
77,472 1
77,621 1
78,124 1
78,133 1
78,196 1
78,317 1
78,434 1
78,856 1
78,1000 1
79,135 1
79,279 1
80,140 1
80,146 1
80,246 1
80,252 1
80,296 1
80,325 1
80,333 1
80,371 1
81,200 1
81,538 1
81,799 1
82,117 1
82,232 1
82,471 1
82,987 1
83,137 1
83,315 1
84,119 1
84,312 1
84,334 1
84,446 1
85,126 1
85,142 1
85,274 1
86,155 1
86,381 1
86,432 1
87,96 1
87,445 1
87,477 1
87,704 1
87,726 1
88,202 1
88,352 1
88,470 1
88,588 1
88,703 1
89,124 1
89,202 1
89,291 1
89,362 1
89,366 1
89,450 1
90,170 1
90,209 1
90,235 1
90,288 1
90,371 1
91,204 1
91,433 1
91,580 1
91,801 1
92,205 1
92,315 1
92,345 1
92,420 1
92,431 1
92,532 1
92,987 1
93,134 1
93,145 1
93,251 1
93,322 1
93,392 1
93,759 1
94,140 1
94,176 1
95,122 1
95,137 1
95,171 1
95,173 1
95,971 1
96,224 1
96,294 1
96,384 1
96,602 1
96,754 1
96,981 1
97,141 1
97,163 1
97,494 1
98,236 1
98,395 1
98,816 1
99,138 1
99,384 1
100,208 1
100,358 1
101,254 1
101,295 1
101,408 1
101,425 1
101,529 1
101,1000 1
102,162 1
102,462 1
102,480 1
102,685 1
102,697 1
102,848 1
102,854 1
102,883 1
103,405 1
103,413 1
103,416 1
103,564 1
103,593 1
103,803 1
104,203 1
104,520 1
104,637 1
104,717 1
105,233 1
105,351 1
105,357 1
106,273 1
106,392 1
106,451 1
106,836 1
107,254 1
107,256 1
107,266 1
107,269 1
107,315 1
107,385 1
107,470 1
107,556 1
107,971 1
108,250 1
108,304 1
109,132 1
109,267 1
109,339 1
110,267 1
110,301 1
110,432 1
111,131 1
111,195 1
111,200 1
111,442 1
111,921 1
112,158 1
112,159 1
112,199 1
113,498 1
114,222 1
114,354 1
114,414 1
114,456 1
115,121 1
115,216 1
115,462 1
115,538 1
115,582 1
116,268 1
116,463 1
117,129 1
117,167 1
117,184 1
117,311 1
117,364 1
117,737 1
117,877 1
118,278 1
118,289 1
118,318 1
118,437 1
118,447 1
118,462 1
118,639 1
119,308 1
119,506 1
121,162 1
121,307 1
121,410 1
122,146 1
122,149 1
122,217 1
122,247 1
122,732 1
122,767 1
122,988 1
123,146 1
123,224 1
123,249 1
123,307 1
123,475 1
123,648 1
123,750 1
124,258 1
124,271 1
124,926 1
125,233 1
125,241 1
125,442 1
126,132 1
126,166 1
126,183 1
126,256 1
127,560 1
127,894 1
128,137 1
128,423 1
129,250 1
129,299 1
129,485 1
129,490 1
129,803 1
130,238 1
130,254 1
130,258 1
130,422 1
131,338 1
131,339 1
131,616 1
132,213 1
132,216 1
132,331 1
133,206 1
133,333 1
133,452 1
134,152 1
134,235 1
134,376 1
134,757 1
134,760 1
135,234 1
135,319 1
135,339 1
136,192 1
136,218 1
136,325 1
136,369 1
136,422 1
136,436 1
136,490 1
137,220 1
137,254 1
137,285 1
137,288 1
137,296 1
137,391 1
137,416 1
137,428 1
137,547 1
138,150 1
138,324 1
138,826 1
139,297 1
139,451 1
139,738 1
139,930 1
140,165 1
140,256 1
141,332 1
141,427 1
141,477 1
142,217 1
142,322 1
142,326 1
142,692 1
142,757 1
143,279 1
143,312 1
143,417 1
144,189 1
144,478 1
145,297 1
145,324 1
145,346 1
145,424 1
145,461 1
145,696 1
146,152 1
146,268 1
146,588 1
147,795 1
148,218 1
148,387 1
148,972 1
149,153 1
149,164 1
149,266 1
149,297 1
149,430 1
149,731 1
150,232 1
150,242 1
150,306 1
150,340 1
150,343 1
150,936 1
151,172 1
151,436 1
151,455 1
151,468 1
151,569 1
151,621 1
151,981 1
152,314 1
152,398 1
152,882 1
152,932 1
152,944 1
153,438 1
153,601 1
153,833 1
154,275 1
154,284 1
154,736 1
155,360 1
155,425 1
155,486 1
155,504 1
155,843 1
156,208 1
156,906 1
157,166 1
157,171 1
157,203 1
157,226 1
157,355 1
157,930 1
158,207 1
158,251 1
158,413 1
158,706 1
159,231 1
159,258 1
160,257 1
160,599 1
160,934 1
161,242 1
161,259 1
161,264 1
161,312 1
162,163 1
162,269 1
162,347 1
162,384 1
162,626 1
162,732 1
163,232 1
164,183 1
164,187 1
164,225 1
164,257 1
164,399 1
164,429 1
164,569 1
165,176 1
165,228 1
165,332 1
166,317 1
166,336 1
167,471 1
167,537 1
168,182 1
168,346 1
168,389 1
168,549 1
169,319 1
169,366 1
169,824 1
169,877 1
169,879 1
170,200 1
170,238 1
170,884 1
170,962 1
171,189 1
171,573 1
171,684 1
172,918 1
173,451 1
173,461 1
173,480 1
173,849 1
174,499 1
175,611 1
176,233 1
176,274 1
176,336 1
176,388 1
176,697 1
177,241 1
177,419 1
177,790 1
177,866 1
178,431 1
178,469 1
179,352 1
179,436 1
179,498 1
180,309 1
181,343 1
181,452 1
181,500 1
181,675 1
181,761 1
182,421 1
182,601 1
182,844 1
183,190 1
183,212 1
183,298 1
183,734 1
184,345 1
184,417 1
185,776 1
185,980 1
186,363 1
186,470 1
186,679 1
187,310 1
187,345 1
187,374 1
187,613 1
187,638 1
187,713 1
187,905 1
187,913 1
188,370 1
188,426 1
189,490 1
190,248 1
190,296 1
190,720 1
190,893 1
191,337 1
191,374 1
191,383 1
191,454 1
191,519 1
191,585 1
192,420 1
192,455 1
192,496 1
192,498 1
192,789 1
193,418 1
193,478 1
193,683 1
194,231 1
194,370 1
194,372 1
195,368 1
195,438 1
195,863 1
196,410 1
196,641 1
196,724 1
196,873 1
197,443 1
198,483 1
199,243 1
199,305 1
199,359 1
199,368 1
199,446 1
199,468 1
200,247 1
200,330 1
200,405 1
200,500 1
200,891 1
200,961 1
201,425 1
201,821 1
202,417 1
202,429 1
203,206 1
203,241 1
203,304 1
203,429 1
204,454 1
204,455 1
204,461 1
205,351 1
205,495 1
206,426 1
206,755 1
207,486 1
207,493 1
207,509 1
208,384 1
208,413 1
208,429 1
208,543 1
209,253 1
209,274 1
209,484 1
210,365 1
210,822 1
211,498 1
213,268 1
213,397 1
213,769 1
214,335 1
214,552 1
215,368 1
216,317 1
216,390 1
217,425 1
217,472 1
218,241 1
218,242 1
218,445 1
218,447 1
218,493 1
218,563 1
218,564 1
218,813 1
218,906 1
219,271 1
219,317 1
220,221 1
220,231 1
220,325 1
220,410 1
220,534 1
220,891 1
221,391 1
221,474 1
221,549 1
221,961 1
222,378 1
223,294 1
223,358 1
223,391 1
224,426 1
224,917 1
225,256 1
225,490 1
225,571 1
226,235 1
226,274 1
226,401 1
226,435 1
226,458 1
226,628 1
226,898 1
227,295 1
227,381 1
227,853 1
228,230 1
228,321 1
228,346 1
228,407 1
228,454 1
229,279 1
229,499 1
230,328 1
230,387 1
230,401 1
230,892 1
231,267 1
231,421 1
231,471 1
232,261 1
232,478 1
233,321 1
233,476 1
233,722 1
233,725 1
233,788 1
234,333 1
234,482 1
235,350 1
235,351 1
235,360 1
235,382 1
235,434 1
236,262 1
236,932 1
237,428 1
238,407 1
238,470 1
239,332 1
239,358 1
240,285 1
241,317 1
241,400 1
241,458 1
241,697 1
242,250 1
242,397 1
242,472 1
242,624 1
243,683 1
243,687 1
244,287 1
244,702 1
244,800 1
245,364 1
245,444 1
245,491 1
245,503 1
246,399 1
246,485 1
246,522 1
246,837 1
247,478 1
247,845 1
248,264 1
248,330 1
248,785 1
249,408 1
249,456 1
249,488 1
250,306 1
250,976 1
250,992 1
251,332 1
251,398 1
251,555 1
251,573 1
251,689 1
253,301 1
253,459 1
253,860 1
254,471 1
254,792 1
255,342 1
255,427 1
255,658 1
255,984 1
256,341 1
256,348 1
257,272 1
257,298 1
257,324 1
257,388 1
257,414 1
257,523 1
257,699 1
257,795 1
258,294 1
259,297 1
259,436 1
259,462 1
259,623 1
260,299 1
260,309 1
260,751 1
261,349 1
261,997 1
262,338 1
262,439 1
262,714 1
263,316 1
263,365 1
263,373 1
263,386 1
265,403 1
265,669 1
265,699 1
266,445 1
267,375 1
268,384 1
269,396 1
269,441 1
269,480 1
269,486 1
269,797 1
270,282 1
270,373 1
270,440 1
270,849 1
270,889 1
271,325 1
271,366 1
271,932 1
272,446 1
272,692 1
273,279 1
273,315 1
273,386 1
273,392 1
273,413 1
274,419 1
274,755 1
275,482 1
275,617 1
275,814 1
275,967 1
276,310 1
277,315 1
277,399 1
277,696 1
278,462 1
279,287 1
279,413 1
280,353 1
280,737 1
280,994 1
281,446 1
281,533 1
281,909 1
281,932 1
282,402 1
282,403 1
282,406 1
282,408 1
282,515 1
283,412 1
283,914 1
284,382 1
284,512 1
285,317 1
285,486 1
285,516 1
286,430 1
286,500 1
286,971 1
288,421 1
288,456 1
289,394 1
289,403 1
289,424 1
289,462 1
289,808 1
289,945 1
290,327 1
290,384 1
291,445 1
291,738 1
291,902 1
292,298 1
292,412 1
293,311 1
293,515 1
294,454 1
294,463 1
294,547 1
294,775 1
294,819 1
295,399 1
295,425 1
296,420 1
296,426 1
296,898 1
296,970 1
297,427 1
297,493 1
297,867 1
298,488 1
299,441 1
299,499 1
299,538 1
300,457 1
301,483 1
301,726 1
302,483 1
303,415 1
303,475 1
304,350 1
304,402 1
304,611 1
305,809 1
305,835 1
306,310 1
307,308 1
307,405 1
307,414 1
307,645 1
307,852 1
308,320 1
308,429 1
308,549 1
308,1000 1
309,426 1
310,326 1
310,351 1
310,966 1
311,333 1
311,386 1
311,405 1
311,411 1
311,694 1
311,759 1
311,900 1
313,467 1
313,628 1
314,316 1
314,339 1
314,359 1
314,409 1
314,803 1
315,322 1
315,346 1
315,444 1
316,358 1
317,450 1
317,877 1
318,326 1
318,354 1
318,903 1
319,323 1
319,340 1
319,372 1
319,442 1
320,440 1
320,689 1
320,801 1
321,654 1
322,457 1
322,469 1
322,488 1
322,660 1
323,372 1
323,473 1
323,541 1
324,449 1
324,805 1
325,407 1
325,443 1
325,834 1
326,353 1
326,424 1
326,545 1
326,557 1
326,787 1
326,982 1
327,385 1
327,401 1
327,436 1
327,497 1
327,770 1
327,841 1
328,486 1
328,533 1
329,889 1
330,777 1
330,968 1
330,997 1
331,718 1
332,430 1
333,468 1
333,473 1
333,582 1
334,418 1
334,856 1
336,426 1
336,453 1
337,371 1
337,391 1
337,953 1
339,589 1
340,451 1
340,480 1
340,776 1
342,476 1
342,517 1
342,562 1
342,589 1
343,399 1
343,410 1
344,442 1
344,816 1
345,434 1
345,537 1
345,596 1
345,697 1
345,947 1
346,545 1
347,851 1
347,901 1
348,728 1
348,786 1
348,955 1
349,427 1
349,616 1
349,680 1
350,380 1
350,464 1
350,778 1
351,478 1
351,589 1
352,437 1
352,624 1
352,705 1
353,369 1
353,371 1
353,488 1
354,747 1
355,427 1
355,689 1
356,906 1
357,559 1
357,651 1
357,930 1
358,386 1
358,425 1
358,927 1
361,366 1
361,545 1
362,551 1
364,378 1
364,909 1
364,962 1
365,434 1
365,644 1
365,995 1
366,401 1
366,821 1
368,620 1
368,937 1
369,499 1
369,602 1
369,780 1
370,552 1
370,580 1
370,984 1
371,459 1
371,919 1
371,926 1
371,997 1
372,398 1
373,379 1
375,797 1
375,802 1
375,875 1
376,460 1
377,472 1
377,647 1
378,390 1
378,689 1
379,606 1
380,384 1
380,527 1
380,622 1
380,830 1
381,784 1
381,932 1
381,994 1
381,995 1
382,440 1
382,720 1
382,735 1
383,699 1
383,888 1
384,489 1
385,455 1
385,529 1
386,550 1
386,837 1
387,407 1
387,409 1
387,926 1
387,982 1
388,438 1
389,397 1
389,400 1
390,418 1
390,452 1
390,505 1
390,689 1
390,864 1
391,458 1
391,482 1
392,447 1
393,427 1
393,571 1
393,943 1
394,398 1
395,670 1
395,763 1
396,475 1
396,617 1
396,885 1
397,448 1
397,663 1
399,425 1
399,461 1
400,434 1
400,922 1
400,992 1
401,427 1
401,854 1
403,487 1
403,493 1
404,430 1
404,439 1
405,445 1
407,409 1
409,444 1
409,470 1
410,454 1
410,469 1
410,666 1
411,437 1
411,468 1
411,554 1
411,1000 1
413,431 1
413,460 1
413,814 1
415,494 1
417,456 1
417,484 1
418,427 1
418,477 1
418,483 1
418,510 1
420,422 1
421,470 1
421,482 1
421,515 1
421,848 1
424,493 1
424,925 1
425,717 1
426,961 1
427,602 1
427,687 1
428,885 1
430,456 1
430,475 1
430,505 1
431,776 1
433,572 1
433,577 1
433,815 1
434,437 1
434,469 1
434,498 1
434,684 1
435,691 1
435,974 1
436,455 1
436,464 1
436,860 1
436,914 1
438,627 1
439,463 1
439,474 1
440,477 1
440,487 1
440,804 1
440,822 1
441,484 1
441,596 1
442,468 1
443,490 1
444,887 1
445,477 1
446,872 1
448,634 1
448,876 1
450,753 1
450,990 1
451,968 1
452,600 1
453,560 1
456,467 1
456,648 1
456,813 1
457,832 1
458,575 1
458,633 1
458,792 1
459,884 1
460,469 1
460,492 1
460,546 1
461,853 1
461,866 1
462,686 1
462,744 1
463,471 1
463,505 1
463,695 1
464,606 1
464,885 1
465,477 1
465,552 1
465,611 1
466,994 1
467,839 1
468,826 1
469,485 1
469,488 1
470,735 1
471,605 1
472,528 1
472,562 1
473,880 1
474,807 1
475,748 1
477,485 1
479,480 1
479,929 1
479,935 1
480,628 1
481,513 1
481,577 1
482,666 1
482,863 1
482,876 1
483,518 1
483,717 1
484,645 1
487,491 1
488,573 1
488,764 1
489,655 1
491,825 1
491,920 1
491,975 1
492,523 1
492,957 1
493,729 1
493,967 1
494,780 1
495,497 1
495,499 1
495,508 1
496,598 1
496,637 1
498,542 1
499,514 1
499,579 1
501,759 1
501,781 1
501,794 1
501,838 1
502,571 1
502,615 1
502,684 1
502,996 1
503,708 1
503,850 1
503,877 1
503,880 1
504,578 1
504,802 1
504,904 1
504,933 1
505,650 1
505,802 1
505,831 1
505,856 1
506,641 1
506,659 1
506,762 1
506,981 1
507,531 1
507,682 1
507,748 1
507,845 1
508,622 1
508,680 1
508,778 1
509,536 1
509,571 1
509,627 1
509,934 1
510,531 1
510,544 1
510,689 1
510,942 1
510,949 1
511,788 1
511,900 1
512,517 1
512,571 1
512,729 1
512,766 1
512,881 1
512,897 1
512,935 1
513,547 1
513,656 1
513,781 1
514,602 1
514,767 1
514,784 1
514,792 1
514,921 1
514,972 1
515,632 1
515,795 1
516,660 1
517,575 1
517,735 1
518,562 1
518,602 1
518,654 1
519,523 1
519,610 1
519,841 1
520,530 1
520,589 1
520,689 1
520,702 1
520,791 1
520,874 1
520,969 1
521,803 1
522,565 1
522,742 1
522,904 1
522,960 1
523,553 1
523,703 1
523,720 1
524,684 1
524,780 1
524,937 1
525,794 1
526,527 1
526,629 1
526,720 1
526,826 1
526,898 1
527,657 1
527,691 1
527,809 1
527,856 1
528,703 1
528,757 1
528,965 1
529,618 1
529,863 1
529,914 1
529,994 1
530,907 1
530,953 1
531,716 1
531,757 1
531,879 1
532,622 1
532,669 1
532,779 1
532,782 1
532,827 1
533,618 1
533,622 1
533,732 1
533,766 1
533,896 1
533,956 1
534,846 1
535,592 1
535,753 1
535,840 1
535,861 1
535,865 1
535,983 1
536,609 1
536,747 1
536,989 1
537,555 1
537,569 1
537,611 1
537,645 1
537,760 1
537,853 1
538,547 1
538,852 1
538,948 1
539,566 1
539,717 1
539,773 1
539,821 1
539,865 1
539,881 1
539,926 1
539,976 1
540,771 1
541,640 1
541,852 1
541,999 1
542,635 1
542,865 1
542,957 1
543,660 1
543,686 1
543,850 1
543,883 1
544,590 1
544,778 1
544,860 1
545,629 1
545,674 1
545,676 1
545,701 1
545,729 1
545,780 1
545,783 1
545,866 1
546,558 1
546,923 1
547,819 1
548,606 1
548,670 1
548,771 1
549,589 1
549,609 1
549,702 1
549,944 1
550,562 1
550,594 1
550,600 1
550,896 1
550,976 1
551,565 1
551,602 1
551,733 1
551,770 1
551,909 1
551,951 1
551,962 1
552,702 1
552,727 1
552,981 1
553,632 1
553,638 1
553,639 1
553,726 1
553,779 1
553,852 1
553,949 1
554,747 1
554,838 1
555,612 1
555,804 1
555,812 1
556,709 1
556,726 1
556,849 1
556,907 1
556,978 1
557,619 1
557,622 1
557,877 1
558,573 1
558,690 1
558,720 1
559,571 1
559,823 1
559,869 1
559,970 1
560,747 1
560,764 1
560,805 1
561,589 1
561,650 1
561,805 1
561,834 1
561,866 1
561,929 1
562,567 1
562,837 1
563,611 1
563,675 1
563,676 1
564,775 1
564,979 1
565,593 1
565,606 1
566,731 1
567,660 1
567,957 1
568,596 1
568,709 1
568,814 1
568,889 1
569,685 1
569,833 1
570,856 1
571,789 1
572,737 1
572,746 1
573,575 1
573,772 1
573,931 1
573,950 1
574,604 1
574,641 1
574,695 1
574,716 1
574,759 1
574,827 1
574,828 1
574,963 1
574,993 1
575,596 1
575,813 1
575,866 1
575,896 1
576,989 1
577,581 1
577,916 1
578,631 1
578,667 1
578,816 1
578,977 1
579,593 1
579,793 1
579,803 1
579,847 1
579,890 1
580,653 1
580,902 1
580,905 1
580,995 1
581,833 1
581,837 1
581,890 1
581,996 1
582,702 1
582,885 1
583,745 1
583,781 1
583,787 1
583,886 1
583,988 1
584,596 1
584,900 1
584,903 1
585,596 1
585,600 1
585,700 1
585,784 1
585,831 1
586,600 1
586,638 1
586,645 1
586,673 1
586,695 1
586,696 1
586,994 1
587,613 1
587,680 1
587,985 1
588,709 1
588,866 1
589,613 1
589,784 1
589,925 1
590,751 1
590,796 1
590,913 1
591,629 1
591,679 1
591,706 1
591,781 1
591,842 1
592,623 1
592,903 1
593,594 1
593,678 1
593,776 1
593,825 1
593,877 1
593,915 1
594,695 1
594,725 1
594,775 1
594,822 1
595,688 1
595,966 1
595,981 1
596,638 1
596,868 1
596,887 1
596,984 1
597,718 1
597,810 1
597,898 1
597,997 1
598,712 1
598,783 1
598,857 1
598,906 1
598,959 1
598,960 1
599,614 1
599,724 1
599,761 1
599,876 1
599,953 1
599,978 1
600,614 1
600,818 1
600,903 1
601,694 1
601,777 1
601,864 1
601,960 1
602,695 1
602,742 1
602,787 1
603,788 1
603,824 1
603,904 1
604,663 1
604,794 1
604,832 1
604,846 1
605,733 1
605,793 1
605,874 1
606,608 1
606,784 1
606,837 1
606,841 1
606,884 1
606,894 1
606,976 1
607,747 1
607,772 1
607,828 1
607,857 1
607,950 1
607,977 1
608,712 1
608,963 1
609,835 1
609,926 1
610,882 1
610,884 1
610,914 1
610,948 1
611,891 1
611,898 1
611,912 1
611,913 1
612,735 1
612,936 1
612,998 1
613,682 1
613,972 1
614,652 1
614,659 1
615,654 1
615,701 1
615,780 1
616,675 1
616,712 1
616,813 1
616,859 1
618,845 1
619,643 1
619,647 1
619,680 1
619,929 1
620,634 1
620,765 1
620,853 1
620,958 1
621,844 1
622,754 1
622,954 1
623,703 1
623,734 1
623,772 1
623,774 1
623,817 1
623,825 1
623,923 1
623,952 1
624,626 1
624,793 1
624,840 1
624,879 1
624,895 1
625,868 1
625,922 1
625,965 1
627,649 1
627,716 1
627,818 1
628,813 1
628,885 1
629,630 1
629,654 1
629,872 1
629,962 1
629,975 1
629,976 1
630,638 1
631,663 1
631,688 1
631,696 1
631,962 1
631,996 1
632,796 1
632,840 1
632,942 1
632,948 1
633,659 1
633,715 1
634,971 1
635,909 1
636,762 1
636,797 1
636,896 1
636,996 1
637,661 1
637,706 1
637,860 1
637,935 1
638,676 1
638,849 1
638,950 1
638,968 1
639,751 1
639,776 1
639,845 1
639,884 1
640,908 1
640,926 1
641,675 1
641,686 1
641,796 1
641,879 1
642,725 1
643,855 1
643,875 1
644,671 1
644,821 1
644,953 1
644,969 1
645,646 1
645,939 1
646,765 1
646,809 1
646,811 1
646,960 1
646,965 1
646,992 1
647,792 1
647,842 1
648,908 1
649,785 1
650,735 1
651,661 1
651,876 1
651,884 1
652,865 1
653,670 1
653,689 1
653,710 1
654,677 1
654,908 1
654,930 1
655,746 1
655,916 1
656,662 1
656,844 1
656,953 1
656,969 1
657,684 1
658,808 1
659,660 1
659,715 1
659,850 1
659,862 1
660,669 1
660,764 1
660,774 1
660,832 1
660,929 1
660,995 1
661,949 1
662,787 1
662,950 1
663,724 1
663,958 1
664,716 1
664,790 1
665,792 1
665,836 1
665,849 1
665,862 1
665,893 1
665,961 1
666,669 1
666,799 1
666,823 1
666,830 1
666,896 1
667,682 1
667,696 1
667,816 1
667,887 1
668,704 1
668,842 1
669,699 1
669,701 1
669,762 1
669,919 1
669,937 1
669,986 1
670,700 1
670,814 1
671,967 1
672,937 1
672,959 1
673,765 1
673,956 1
675,851 1
675,936 1
676,745 1
676,938 1
677,893 1
678,734 1
678,738 1
678,998 1
679,779 1
679,801 1
679,891 1
680,725 1
680,890 1
680,939 1
680,945 1
681,779 1
681,798 1
681,886 1
681,947 1
682,790 1
682,907 1
682,994 1
682,998 1
683,763 1
683,876 1
683,877 1
684,689 1
684,705 1
684,944 1
685,688 1
685,936 1
686,740 1
686,751 1
687,887 1
687,909 1
687,998 1
687,1000 1
688,709 1
688,898 1
688,901 1
688,911 1
688,941 1
690,714 1
690,924 1
690,927 1
690,977 1
691,705 1
691,803 1
692,727 1
692,937 1
693,807 1
694,713 1
694,879 1
694,906 1
694,976 1
695,778 1
695,925 1
696,718 1
696,771 1
696,976 1
697,756 1
698,777 1
698,784 1
698,789 1
698,819 1
698,933 1
699,725 1
699,796 1
699,838 1
699,864 1
699,990 1
700,722 1
700,973 1
701,737 1
701,846 1
702,742 1
703,800 1
703,967 1
704,972 1
705,753 1
705,825 1
705,898 1
706,812 1
706,911 1
706,920 1
707,916 1
707,994 1
709,749 1
709,780 1
709,791 1
710,970 1
711,725 1
711,735 1
711,755 1
711,797 1
711,841 1
712,852 1
712,864 1
712,905 1
713,837 1
713,896 1
714,772 1
714,861 1
714,972 1
716,764 1
716,790 1
716,872 1
717,884 1
718,821 1
718,893 1
718,895 1
719,741 1
719,923 1
719,973 1
719,992 1
720,967 1
721,862 1
721,982 1
722,745 1
722,747 1
723,780 1
724,783 1
724,844 1
724,915 1
725,784 1
725,789 1
725,815 1
725,816 1
725,855 1
726,869 1
727,960 1
728,778 1
728,870 1
728,979 1
729,810 1
729,835 1
729,863 1
729,867 1
729,875 1
729,886 1
730,741 1
730,956 1
731,760 1
732,903 1
732,951 1
734,766 1
734,888 1
734,960 1
735,973 1
736,883 1
736,892 1
737,941 1
738,771 1
738,819 1
739,792 1
739,985 1
740,891 1
741,851 1
741,865 1
741,876 1
742,753 1
742,931 1
743,748 1
743,801 1
743,867 1
744,776 1
744,783 1
744,836 1
744,894 1
745,846 1
747,767 1
748,790 1
748,859 1
748,861 1
748,985 1
749,763 1
749,997 1
751,772 1
751,884 1
752,755 1
752,870 1
753,778 1
753,841 1
753,987 1
753,997 1
754,805 1
754,843 1
754,934 1
755,862 1
756,827 1
756,875 1
756,986 1
756,996 1
757,850 1
757,934 1
757,938 1
757,945 1
758,947 1
759,873 1
760,836 1
760,853 1
760,874 1
760,896 1
761,774 1
761,776 1
761,777 1
761,921 1
762,766 1
762,787 1
764,766 1
764,956 1
766,789 1
766,938 1
767,989 1
768,937 1
769,998 1
770,858 1
770,926 1
770,977 1
771,833 1
771,917 1
771,952 1
772,875 1
773,924 1
775,897 1
777,825 1
777,922 1
777,973 1
778,891 1
781,980 1
782,793 1
783,981 1
785,827 1
785,884 1
785,987 1
785,989 1
786,913 1
786,934 1
787,878 1
789,869 1
790,818 1
790,994 1
791,808 1
791,902 1
791,926 1
792,844 1
794,843 1
794,870 1
794,924 1
795,900 1
795,996 1
796,879 1
797,866 1
799,812 1
799,850 1
799,869 1
799,907 1
800,853 1
800,860 1
800,865 1
801,819 1
802,910 1
802,957 1
804,810 1
805,905 1
805,983 1
806,813 1
808,861 1
808,916 1
809,817 1
809,834 1
809,839 1
810,899 1
810,950 1
810,991 1
812,964 1
813,879 1
815,846 1
815,898 1
815,974 1
815,982 1
816,891 1
817,852 1
817,916 1
817,993 1
818,892 1
818,918 1
819,922 1
819,943 1
820,887 1
820,910 1
821,946 1
824,938 1
826,980 1
827,854 1
827,895 1
827,1000 1
828,907 1
829,845 1
829,905 1
829,937 1
829,987 1
830,865 1
830,999 1
831,994 1
832,889 1
832,899 1
835,881 1
838,885 1
838,909 1
838,919 1
838,973 1
839,878 1
839,903 1
839,970 1
839,996 1
840,946 1
841,923 1
841,926 1
844,862 1
844,940 1
844,992 1
845,896 1
845,909 1
845,958 1
846,956 1
847,873 1
849,948 1
851,857 1
851,941 1
852,966 1
853,900 1
853,902 1
853,977 1
854,898 1
855,874 1
856,942 1
856,987 1
859,965 1
859,983 1
860,966 1
862,904 1
864,928 1
868,978 1
869,953 1
870,966 1
871,890 1
871,998 1
872,906 1
873,891 1
874,924 1
874,942 1
874,989 1
876,896 1
876,954 1
879,900 1
879,914 1
880,887 1
880,904 1
881,910 1
881,943 1
881,978 1
881,998 1
882,920 1
882,994 1
883,965 1
883,981 1
886,959 1
887,929 1
891,906 1
893,927 1
893,976 1
893,977 1
895,957 1
895,997 1
896,963 1
897,934 1
897,936 1
899,906 1
899,921 1
901,936 1
902,957 1
904,918 1
904,932 1
904,970 1
905,958 1
907,958 1
907,996 1
908,945 1
911,930 1
913,916 1
913,997 1
914,980 1
915,960 1
916,985 1
918,975 1
920,931 1
920,947 1
921,966 1
921,983 1
924,939 1
925,935 1
926,941 1
927,932 1
928,957 1
928,988 1
929,996 1
930,998 1
931,993 1
936,969 1
938,997 1
951,993 1
955,964 1
962,979 1
979,981 1
