0.0134011
-0.0400001
-0.00879171
-0.00696455
-0.254046
-0.0227933
-0.0263343
-0.0214582
-0.00831627
-0.000925093
0.00253263
-0.0363577
-0.000665132
-0.0259657
0.00313981
0.00581712
-0.0176218
-0.00629105
-0.0404723
-0.0042406
-0.0051863
-0.0107036
-0.0161221
-0.0071865
-0.0147012
-0.0141271
-0.00942518
0.000686371
0.00129487
-0.0235655
0.0182949
0.00943167
-0.0190432
-0.00768831
0.00870639
-0.0107526
-0.00582418
0.00670626
-0.0267308
0.00425606
-0.0318025
-0.016333
-0.000808535
-0.00771498
-0.0572505
-0.00504273
-0.0361259
-0.0322813
0.000416331
-0.0329688
-0.0340924
-0.0710939
-0.0431936
-0.0323928
-0.0207251
-0.0221626
0.00688002
0.00243834
-0.0530098
-0.0263645
0.00951245
0.020662
-0.00341935
-0.0125888
0.00550113
-0.011422
-0.0211903
0.0122381
0.0121476
-0.0659072
-0.0549025
-0.0121591
-0.00416928
0.00286102
0.00659125
-0.0280057
-0.0319014
-0.0202775
-0.0672981
-0.0651196
-0.0053186
-0.0394862
-0.0784685
0.0071033
-0.00329634
0.00374454
-0.00879078
-0.0181335
-0.00999014
-0.0217551
0.00126726
-0.0377458
0.00655145
-0.00938094
-0.101391
-0.00365417
-0.00225898
0.00816608
-0.00285023
-0.00490613
-0.0482377
-0.0419345
-0.0319521
0.00700062
0.00645289
-0.028504
-0.194304
0.000685147
-0.0132217
-0.0194396
-0.0104106
-0.00577626
-0.0155093
6.14746e-05
-0.0209781
-0.00957603
-0.0118303
0.00445548
0.00747514
-0.0043895
-0.0291778
-0.0517343
-0.0145187
-0.0133773
-0.0201036
-0.0253763
0.00781719
-0.0617961
-0.03382
-0.0532596
-0.0198874
-0.0198257
-0.0165531
0.0143865
-0.0296418
-0.0923672
-0.28612
-0.00201714
-0.0168952
-0.0387065
-0.00152221
0.0149756
-0.0180886
-0.0198687
0.0216775
-0.0323179
0.00992885
-0.0106888
-0.0320999
-0.0293908
-0.0516763
-0.00737159
-0.00464741
0.00105258
-0.00997126
0.00140988
-0.0130067
-0.00727664
-0.0235351
0.0234284
-0.00834536
-0.0376554
-0.0170307
0.00512938
-0.021142
-0.0214937
-0.0274403
-0.0076029
0.00119984
-0.00321335
-0.0250307
-0.00747751
-0.0354857
-0.00305221
0.00148019
-0.00858009
0.0137273
-0.024996
-0.0515858
-0.00307186
0.00296686
-0.0109482
0.00348452
-0.00147806
-0.00526825
-0.0216315
0.0554144
-0.00907789
-0.0292417
-0.00533251
-0.00440496
-0.0433988
-0.0111347
-0.0326366
0.00299744
0.00142216
-0.0684141
-0.00538174
0.000691196
-0.0343592
-0.00500266
-0.0083441
-0.0144847
-0.0224566
-0.0161698
-0.0287142
-0.00194595
-0.00806493
-0.00571079
0.00106591
-0.00892328
0.000823683
-0.00946984
-0.000172316
0.002688
-0.0158801
-0.0245386
-0.0419109
-0.0144364
-0.119006
-0.0530827
0.00529656
-0.0364477
-0.0120776
-0.03166
-0.0256096
0.0126525
-0.0484802
-0.0180558
-0.0160692
-0.0835765
-0.0314409
0.0160312
-0.021346
-0.0149484
0.00475787
-0.0173518
-0.0431633
-0.00540434
-0.0153356
-0.0329815
-0.0152141
0.00812063
0.000972511
0.0025784
-0.00993438
-0.0193202
0.00547081
-0.0134013
0.00457389
0.00595185
-0.0131212
-0.00241781
-0.155149
-0.00606877
-0.0754568
0.0509258
-0.0281351
-0.028634
-0.00194994
-0.00196827
0.00147441
-0.00276683
0.00446114
0.0389939
-0.0670344
-0.0305517
-0.0135887
-0.067065
0.00668869
-0.0283052
0.01735
-0.0872484
-0.00751942
-0.00874114
-0.00279174
-0.0081391
-0.0170934
-0.0491
0.0184406
0.0192563
0.00274736
-0.0118172
0.0107866
-0.076014
-0.0221583
-0.00955187
-0.0802238
0.012756
-0.0089077
-0.0180905
-0.00321562
0.00114269
-0.0505143
-0.0191046
-0.0911366
-0.00843431
0.00821274
-0.0277771
0.000934661
-0.00272177
-0.00680521
-0.00127556
-0.00233866
0.00563752
-0.000330486
-0.000360463
0.000168905
-0.0156803
0.0214878
0.00386645
-0.00358305
-0.0108515
-0.0206822
-0.101054
-0.00921805
-0.0438525
0.0184708
-0.0430827
0.00443548
-0.00194305
-0.00839695
-0.0173666
0.02204
-0.0880755
0.0486662
-0.0446237
0.00220987
0.000951622
0.0046131
0.00347811
-0.0105159
-0.0458462
0.0028405
-0.00650565
-0.0257775
-0.0191271
-0.00351194
-0.0163721
-0.0843129
-0.0152224
-0.0456706
-0.0222347
0.00381077
0.0134274
-0.0152911
-0.00355056
-0.0127267
0.0113016
-0.0038999
-0.0102083
-0.014482
0.00422859
0.0103622
0.0043914
0.00368741
0.0114143
-0.0172071
-0.0141742
-0.0035367
0.014801
-0.000363122
-0.00572891
0.0174601
-0.0111126
-0.00474076
0.00529578
0.0126564
-0.0132562
-0.00437365
-0.00577029
-0.0344098
0.00643799
0.0105993
0.00309497
0.000369896
-0.00181106
0.0108916
0.0167736
0.00702372
0.0373297
0.0024418
0.0187864
-0.0131405
-0.0788228
-0.00199016
-0.0188881
0.0105529
-0.00481087
0.0089114
-0.0926697
-0.0257282
0.00751478
-0.00360074
0.00589829
-0.0228127
0.000155484
-0.0131304
-0.0182737
-0.0179237
-0.0210881
0.000313875
0.0141701
-0.008335
-0.0199578
0.000673844
-0.0632977
-0.0123565
-0.0398525
-0.0411941
-0.00278056
-0.00454545
-0.0447195
0.0106369
0.00113751
-0.0725336
-0.0105718
0.00576247
0.00149264
-0.0422494
-0.0608056
-0.0378426
-0.0190317
0.0237991
-0.0424001
-0.041422
0.0132637
-0.0859328
-0.00462567
-0.0324568
-0.0225361
-0.0116238
0.00897362
-0.0299019
-0.0131179
-0.133243
-0.00670578
0.00786773
-0.00968408
0.00245651
-0.00756158
-0.0184267
-0.0575013
-0.019658
-0.0382189
0.0166683
-0.0124969
-0.00577561
0.00842951
-0.00728138
-0.036452
0.0111311
-0.000909102
-0.0440382
-0.0727879
-0.0282641
0.00403049
-0.0333025
0.00829111
-0.0137022
0.00280899
-0.0147274
-0.0346576
-0.0234655
0.00184492
0.0139868
-0.000603882
-0.023706
-0.026614
-0.0763739
-0.14804
-0.00882749
-0.0130307
-0.0183946
-0.00854829
-0.0109564
-0.0102484
-0.0696413
0.00423342
-0.0495473
-0.0222312
-0.0312303
-0.00164608
0.00132621
-0.015925
-0.0304792
0.00348377
-0.0130616
-0.00149154
-0.100663
0.00241079
0.00677534
0.00889234
0.00573629
-0.002912
-0.000462139
-0.0105
-0.0444673
-0.008463
-0.0105388
0.0169499
0.0246636
0.010201
0.0140859
-0.0038061
0.0314014
0.0414746
0.0185358
0.0170191
0.022389
0.00935532
0.0478687
-0.0187374
0.0168809
0.000619768
-0.00101447
0.00786915
0.0177475
0.00404119
0.0258389
-0.00357747
0.0173838
0.0270264
0.0123635
0.00413592
0.0177405
0.00544042
0.01071
-0.0108339
0.0203163
0.0432712
0.0270822
0.055717
-0.0173399
-0.0583592
0.0049875
0.02317
-0.0221583
0.0430869
0.00510478
0.00281424
-0.00232557
0.0228988
0.00800616
0.0764215
0.00105998
-0.0812915
0.021354
-0.00862445
0.0599366
0.0465006
0.00452245
0.0456456
0.0109027
0.00967177
-0.0188677
0.0230825
0.011506
0.0123713
0.0201696
0.0251958
0.0159204
-0.00170315
-0.0127742
0.0308316
0.00843658
0.0215088
0.0162294
-0.00247247
-5.47495e-06
0.0238169
0.00602227
0.0203627
0.071653
0.0360626
-0.00190045
0.00765743
0.0417464
0.00256314
0.0191818
0.0283129
-0.0177037
0.0165925
0.0228372
0.0425427
0.0763066
0.0201131
-0.00231838
0.0191908
0.0234329
0.0180948
-0.00213415
0.0177376
0.0459253
0.00975663
0.0540445
0.0167284
0.0255704
0.0324249
0.0571651
0.0217398
0.0375589
0.00742672
0.0384767
-0.0240425
0.0677881
0.0358864
0.0288451
0.00778764
0.0109228
0.00671432
0.0124464
0.037246
0.0278765
0.0280681
0.0106619
-0.0114205
0.0213431
0.0278124
0.0188629
-0.0249149
0.033201
0.0210414
0.0049229
0.00182875
-0.00642259
0.0275328
-0.0225979
0.0732461
0.0300388
0.058816
0.0215623
0.00315893
-0.017573
0.00785615
0.046346
0.00457755
0.0733995
0.037742
0.00707895
0.0435232
0.0176665
0.016462
0.00688133
0.0280978
0.0146756
-0.00121777
-0.0058598
0.00840427
0.00432445
0.0202273
0.00683098
0.0114281
0.0332077
0.00466719
0.00263835
0.000786888
0.00125552
0.0384515
0.0698876
0.00862592
0.0156519
0.0331967
0.0263144
0.00216129
0.0330136
0.0538821
-0.00644975
0.0910433
0.0110173
0.00278394
-0.00307734
0.0256158
0.0156493
0.0157567
0.04458
0.0151949
0.0186026
-0.00381434
0.0469261
0.0063197
0.0739139
0.00739663
-0.00270465
-0.00138429
0.0174902
0.0301598
0.0283426
0.0196441
0.0202147
-0.00531684
0.0160589
-0.000623452
0.0427518
0.0477099
0.0711979
-0.00894951
0.0193802
0.0849205
0.017349
0.0503048
0.00492526
0.00946885
-0.00180719
-0.00258286
0.00785254
0.0182378
0.00218892
0.0169335
0.00110228
0.0229485
0.0330233
0.0451784
0.0134208
0.00868877
0.0649718
0.0114143
0.0358014
-0.00193604
0.0126976
0.00590899
0.0160949
0.00573344
0.020978
0.0863457
0.00784231
0.0102212
0.00357344
0.048416
0.00982764
-0.0027172
0.00208714
0.00542597
0.0302793
-0.00181802
0.00142973
0.0165472
-0.00289322
-0.00457733
-0.000291015
0.0115719
0.0158186
0.00712986
0.00707845
0.0227866
0.0024036
0.0207438
0.0261704
0.00975161
-0.00283574
0.0321611
0.00211977
-0.000262423
0.0186158
0.00130473
0.0232014
0.0417756
0.00153074
0.0209339
0.0409935
0.017643
0.0557987
0.00503077
0.0487804
0.0123702
0.064225
-0.000324952
0.00706444
0.00727483
0.0132739
0.0245461
0.0308261
0.0131006
0.0224152
0.000403937
-0.00567967
0.0156434
0.011704
0.00470952
0.0276389
0.00643177
0.00536719
0.0283117
0.0596447
0.0209019
0.00903989
0.0386569
0.007016
0.0354196
0.0633509
0.0185567
-0.036729
-0.00181279
0.0197796
0.0355636
0.043846
0.00844853
0.00139998
0.0286486
0.00770785
-0.00271938
0.00968298
-0.0181677
-0.00541455
0.0265754
6.4245e-06
-0.00363491
0.01111
0.00371905
0.0248702
0.00309845
0.00858953
-0.000536124
-0.00466678
0.0269294
0.036039
0.018994
0.0343507
-0.0252354
0.0108951
0.0166532
0.0103972
0.00945599
0.00984976
0.0116042
-0.00199363
0.0332537
0.0326404
0.0281053
0.0101147
0.0220915
0.0292607
0.0097588
-0.0116791
0.0216213
0.00692736
0.0302219
0.0339715
0.0217263
-0.00550996
0.0157797
0.00246571
0.00612386
-0.00946394
0.0584148
0.0325642
0.000981137
-0.0213848
0.00716447
0.0294357
0.0116796
0.0190031
0.0404551
-0.00659587
0.0260964
-0.000594666
0.0152123
0.00281353
0.0093888
-0.0204092
-0.001095
0.0147455
0.00236198
0.0327465
0.00459416
0.0334007
0.00992237
0.014711
0.0204776
0.00798838
0.0130472
0.034763
0.00112827
0.0238748
0.0253755
0.029926
0.0016076
0.0125046
0.0394303
0.0115365
0.0422576
0.0172312
-7.4825e-05
0.0472744
-0.0274683
0.0157474
0.0393462
0.0102042
0.0112612
0.0189282
-0.0200573
0.00435283
0.0404109
0.017153
0.024256
0.0916037
0.0170795
-0.0049516
0.0174581
0.0314888
0.006805
0.0165147
0.0251153
0.0179681
0.0422301
0.0138656
0.0513373
0.0122513
0.0398398
0.0131185
0.0107183
0.00148019
0.0289981
-0.0215931
0.0139072
0.0203458
0.00276521
0.013754
0.0245845
0.0107069
0.0156207
-0.0154193
0.00570772
0.0202282
0.0222528
0.0180573
0.0117392
0.00966849
0.0487365
0.0148321
0.0153781
0.0120635
0.00703333
0.0264987
0.0165059
0.00698316
0.034187
0.0381278
0.0197077
-0.00180829
0.0156306
0.0141274
0.00533373
-0.0177906
0.0235748
0.00249584
0.006963
0.00394436
0.0159287
0.0340035
0.0159868
0.00949718
0.0136224
0.00930692
-0.00203851
0.0356414
0.0183051
0.0420517
0.00387286
0.0280001
-0.0252927
0.0415799
0.0393939
0.0015624
0.00800197
0.0115564
0.00567929
0.00879406
0.00906822
-0.00714073
-0.067719
0.0117671
0.0134254
-0.00178774
0.0205529
0.0828377
0.0397168
0.0147971
0.00834351
-0.00409626
0.00639722
0.0131894
-0.000915386
0.009209
0.0130746
0.0234528
-0.00521894
-0.00483164
0.01024
0.0160122
0.00775524
-0.0150626
0.026496
0.0682429
0.0238954
0.0698854
0.0243072
0.0441241
0.00285882
-0.000875467
